   4.0000000e+00
   6.0000000e+00
   5.7911776e-01
   1.0000000e+00
   1.0000000e+00
   5.7349283e-01
   6.0415911e-04
   8.7915568e-04
   1.0041541e-03
   1.2499844e-04
   2.0833073e-04
   3.1249609e-04
   1.5416474e-04
   7.0832448e-04
   8.7498906e-04
   7.9165677e-04
   2.1249734e-03
   5.3332667e-04
   7.7915693e-04
   1.0916530e-03
   3.3749578e-04
   4.8041066e-03
   5.1791019e-03
   1.0545702e-02
   6.9119969e-02
   9.5415474e-04
   5.2499344e-04
   2.5374683e-03
   2.3208043e-03
   2.8332979e-04
   8.3332292e-05
   3.6666208e-04
   2.8957971e-03
   5.9999250e-04
   1.7872277e-01
   5.1332692e-03
   1.1083195e-03
   2.2083057e-03
   8.2790632e-03
   5.9124261e-03
   2.8332979e-04
   2.5208018e-03
   1.0666533e-03
   5.4165990e-04
   2.4083032e-03
   1.6874789e-03
   1.5833135e-04
   1.9166427e-04
   7.4999063e-04
   1.0458203e-03
   1.3291501e-03
   3.9999500e-04
   1.9874752e-03
   2.9582964e-04
   1.9166427e-04
   3.9499506e-03
   4.8749391e-04
   6.7499156e-04
   1.2458178e-03
   2.6145507e-02
   2.6666333e-04
   3.4457903e-03
   9.6248797e-04
   5.7082620e-04
   1.9666421e-03
   3.8332854e-04
   4.1249484e-04
   3.6499544e-03
   8.6665583e-04
   4.5499431e-03
   5.8624267e-03
   2.3208043e-03
   4.3332792e-04
   1.4833148e-03
   1.2899839e-02
   8.4165615e-04
   8.2915630e-04
   1.8749766e-04
   1.3874827e-03
   4.1666146e-04
   1.5916468e-03
   4.8707724e-03
   4.6037341e-01
   2.6249672e-03
   2.4458028e-03
   2.1666396e-04
   7.4165740e-04
   5.6249297e-04
   1.0416536e-03
   1.0458203e-03
   1.9708087e-03
   1.2416511e-03
   2.4166365e-04
   3.4999563e-03
   1.2791507e-03
   5.6665958e-04
   2.1583064e-03
   1.5416474e-04
   3.6249547e-03
   1.2583176e-03
   4.8541060e-03
   2.6249672e-04
   8.4582276e-04
   2.9999625e-04
   7.2499094e-04
   1.0558201e-02
   9.0909091e-01
   3.5714286e-01
   2.4000000e-01
   4.0044204e-01
  -2.6531237e+00
  -5.5365458e-01
  -1.5456265e+00
  -5.2706485e-01
   0.0000000e+00
   0.0000000e+00
  -2.4201361e-01
   0.0000000e+00
   0.0000000e+00
   0.0000000e+00
   0.0000000e+00
  -1.4845638e-01
   0.0000000e+00
   0.0000000e+00
   0.0000000e+00
   0.0000000e+00
   0.0000000e+00
   0.0000000e+00
   0.0000000e+00
   3.8816679e-01
   2.7871549e-01
   0.0000000e+00
   0.0000000e+00
   0.0000000e+00
   0.0000000e+00
   1.3932575e-01
   1.3808878e+00
   0.0000000e+00
   0.0000000e+00
   0.0000000e+00
   0.0000000e+00
   0.0000000e+00
   1.0272822e+00
   0.0000000e+00
   0.0000000e+00
   0.0000000e+00
   0.0000000e+00
   0.0000000e+00
  -1.3201344e-01
   0.0000000e+00
   0.0000000e+00
   0.0000000e+00
   0.0000000e+00
   0.0000000e+00
   0.0000000e+00
   0.0000000e+00
   0.0000000e+00
   0.0000000e+00
   0.0000000e+00
   0.0000000e+00
   0.0000000e+00
   0.0000000e+00
   0.0000000e+00
   0.0000000e+00
   0.0000000e+00
   0.0000000e+00
   0.0000000e+00
   0.0000000e+00
  -2.2039862e-01
   0.0000000e+00
   0.0000000e+00
   0.0000000e+00
   0.0000000e+00
   0.0000000e+00
   0.0000000e+00
   0.0000000e+00
   0.0000000e+00
   0.0000000e+00
   0.0000000e+00
   0.0000000e+00
   0.0000000e+00
   0.0000000e+00
   8.0204330e-01
   0.0000000e+00
   0.0000000e+00
   0.0000000e+00
   6.1971499e-01
   0.0000000e+00
   0.0000000e+00
   0.0000000e+00
   0.0000000e+00
   0.0000000e+00
   0.0000000e+00
  -7.3358358e-01
   0.0000000e+00
   0.0000000e+00
   0.0000000e+00
   0.0000000e+00
   0.0000000e+00
   0.0000000e+00
   0.0000000e+00
  -2.4038387e-02
   0.0000000e+00
   0.0000000e+00
  -2.1738399e-02
   0.0000000e+00
   0.0000000e+00
   0.0000000e+00
   0.0000000e+00
   0.0000000e+00
   0.0000000e+00
  -7.6253469e-01
   0.0000000e+00
   0.0000000e+00
   2.8000000e-01
   1.2000000e-01
   9.0909091e-01
   4.2857143e-01
